# %ECSV 0.9
# ---
# datatype:
# - {name: energy, unit: eV, datatype: float64}
# - {name: data1, datatype: float64}
# - {name: data2, datatype: float64}
# - {name: transmission, datatype: float64}
# meta: !!omap
# - keywords: !!omap
#   - {Author: unknown}
#   - {ORIGFILE: CCD_filter_kaf_10nmAl2O3_30nmAl.dat}
#   - {Description: OBF + detector combined, last column. Meaning of other columns is unknown.}
#   - {Reference: HMG received this file by email from Ralf Heilman on 02/25/2018
# schema: astropy-2.0
60	0.80318	0.753300687	0.580066208
61	0.80817	0.756757775	0.586727841
62	0.81296	0.761793357	0.594479489
63	0.81757	0.769242727	0.604042684
64	0.82188	0.770267867	0.607840004
65	0.82597	0.776386799	0.615255791
66	0.8299	0.780235308	0.620755393
67	0.83367	0.783936541	0.626036693
68	0.83732	0.788078524	0.631644504
69	0.84084	0.793002104	0.637849295
70	0.84423	0.797131043	0.643344885
71	0.84747	0.801109279	0.648622845
72	0.85059	0.80604057	0.654599906
73	0.78341	0.810438427	0.372486399
74	0.78365	0.814835055	0.367878828
75	0.78374	0.818928425	0.362991658
76	0.78369	0.824089869	0.358423282
77	0.7835	0.828523223	0.353402633
78	0.78316	0.833289759	0.348377035
79	0.7827	0.83770221	0.34309219
80	0.7821	0.841862473	0.337592015
81	0.7815	0.845942651	0.332297406
82	0.78091	0.849739692	0.327166663
83	0.78022	0.853802684	0.322098748
84	0.77943	0.857695178	0.316908755
85	0.77854	0.861499895	0.311632976
86	0.77769	0.865208729	0.306644391
87	0.77757	0.86893063	0.303760701
88	0.77823	0.872486027	0.30297427
89	0.77911	0.876210789	0.302918758
90	0.77994	0.879945097	0.302852396
91	0.78073	0.883595118	0.302740329
92	0.78148	0.88727375	0.302621687
93	0.78219	0.890976137	0.302501894
94	0.78285	0.894600286	0.302335843
95	0.78348	0.898257815	0.302169413
96	0.78408	0.901889735	0.301982918
97	0.78464	0.905548743	0.301797518
98	0.7852	0.909060663	0.301563872
99	0.78578	0.912686927	0.301369654
100	0.7865	0.888838168	0.292204779
101	0.78722	0.830236362	0.271744939
102	0.7879	0.817351934	0.266348481
103	0.78857	0.827775364	0.268636364
104	0.78924	0.832250862	0.269037418
105	0.79003	0.834480335	0.269052435
106	0.79079	0.819727583	0.263629625
107	0.79152	0.814103532	0.261154013
108	0.79222	0.795152022	0.254424582
109	0.79289	0.800946223	0.255612556
110	0.79353	0.806164021	0.256609012
111	0.79414	0.801762431	0.254531836
112	0.79472	0.797034007	0.252366744
113	0.79528	0.792451397	0.250248054
114	0.79581	0.785740601	0.247462565
115	0.79631	0.779003048	0.244682144
116	0.7968	0.773262597	0.242227564
117	0.79725	0.767753056	0.239841786
118	0.79769	0.764193984	0.238081431
119	0.7981	0.760441591	0.236263384
120	0.7985	0.758061466	0.234879247
121	0.79887	0.755022108	0.23329197
122	0.79923	0.752075687	0.231740943
123	0.79957	0.749161165	0.23019831
124	0.79989	0.746764562	0.228824987
125	0.80113	0.744734998	0.229356331
126	0.80253	0.743163358	0.230357742
127	0.80416	0.741516028	0.231804702
128	0.80581	0.740017465	0.233373241
129	0.80744	0.738122815	0.234802135
130	0.80904	0.736705166	0.236353296
131	0.81061	0.735749582	0.238031586
132	0.81215	0.735915189	0.240049593
133	0.81367	0.73712801	0.24240666
134	0.81517	0.740433385	0.24545147
135	0.81663	0.744310012	0.248685883
136	0.81806	0.7498368	0.252474036
137	0.81946	0.754640313	0.256035138
138	0.82085	0.756954317	0.258759521
139	0.82221	0.759000721	0.261386686
140	0.82355	0.760586181	0.263850363
141	0.82487	0.761995578	0.266246347
142	0.82617	0.763274387	0.268589073
143	0.82745	0.764255088	0.270817965
144	0.82872	0.765072294	0.272981923
145	0.82996	0.764646436	0.274691499
146	0.83119	0.764525956	0.276497755
147	0.83239	0.764760956	0.278414354
148	0.83358	0.765282175	0.280424974
149	0.83476	0.765993097	0.282495932
150	0.83591	0.766564416	0.284505814
151	0.83715	0.766974733	0.286659866
152	0.83847	0.766045397	0.288536739
153	0.83977	0.766278282	0.290835136
154	0.84106	0.76967385	0.294346357
155	0.84233	0.772156358	0.297504251
156	0.84358	0.773666371	0.300284024
157	0.84481	0.772753512	0.30211009
158	0.84603	0.769931735	0.303161254
159	0.84723	0.768648045	0.304797797
160	0.84841	0.770595517	0.307695463
161	0.84958	0.770439851	0.309752833
162	0.85073	0.769269363	0.311376257
163	0.85186	0.767995871	0.312935427
164	0.85298	0.767527548	0.314805594
165	0.85409	0.767492529	0.316839644
166	0.85518	0.767629805	0.318935331
167	0.85625	0.767834946	0.32103707
168	0.85731	0.768317137	0.32324355
169	0.85836	0.769309656	0.325655561
170	0.85939	0.771211973	0.32844985
171	0.86041	0.773904514	0.331572547
172	0.86142	0.777229888	0.334974932
173	0.86241	0.781264359	0.338684064
174	0.86339	0.785551583	0.342509877
175	0.86436	0.789587597	0.346232955
176	0.86532	0.793411695	0.349868432
177	0.86631	0.796688993	0.353406485
178	0.86743	0.79947849	0.357106578
179	0.86854	0.801855331	0.360625372
180	0.86981	0.803479079	0.364274167
181	0.87132	0.80474868	0.368435176
182	0.8728	0.80580941	0.372473216
183	0.87429	0.806852754	0.376505575
184	0.87579	0.80812659	0.38063459
185	0.87725	0.809301321	0.384691601
186	0.8787	0.81070976	0.388847528
187	0.88012	0.811698237	0.392779784
188	0.88152	0.8128683	0.396780583
189	0.8829	0.814068241	0.400777085
190	0.88425	0.815176452	0.404711473
191	0.88558	0.816329761	0.40864076
192	0.88689	0.817466093	0.412540924
193	0.88818	0.818681962	0.416467685
194	0.88945	0.81974295	0.420286853
195	0.8907	0.821089883	0.424238468
196	0.89193	0.822189498	0.428040586
197	0.89314	0.823478065	0.431926044
198	0.89433	0.824598257	0.435693116
199	0.8955	0.825805427	0.439490056
200	0.89666	0.826944007	0.44323905
201	0.8978	0.828118034	0.446982804
202	0.89893	0.829287269	0.450741709
203	0.90004	0.830431526	0.454462224
204	0.90114	0.831627184	0.458198309
205	0.90222	0.832555075	0.461760623
206	0.90328	0.83367779	0.465411607
207	0.90433	0.834764868	0.46902118
208	0.90536	0.835689557	0.472519334
209	0.90638	0.83678542	0.476091452
210	0.90738	0.837804418	0.479599375
211	0.90836	0.838840391	0.483096002
212	0.90934	0.839902838	0.486589742
213	0.91029	0.840893887	0.490015143
214	0.91124	0.841899031	0.493437406
215	0.91217	0.842954126	0.496866777
216	0.91308	0.843867307	0.500181994
217	0.91398	0.844885023	0.503549123
218	0.91487	0.845800506	0.50682963
219	0.91575	0.846767104	0.51012239
220	0.91661	0.847663683	0.513356479
221	0.91746	0.848697613	0.516647268
222	0.91828	0.84975721	0.519861493
223	0.91908	0.850852537	0.523049557
224	0.91987	0.851977766	0.526236939
225	0.92064	0.853018059	0.529315249
226	0.92134	0.85400582	0.532125073
227	0.92203	0.85519212	0.535045354
228	0.92271	0.856165106	0.537818725
229	0.92339	0.857247186	0.540652602
230	0.92405	0.858308779	0.54344598
231	0.92471	0.859249112	0.546162072
232	0.92535	0.860239332	0.548881371
233	0.92599	0.861204606	0.551583898
234	0.92663	0.862215324	0.554298712
235	0.92725	0.863151122	0.556944341
236	0.92787	0.864092148	0.559592008
237	0.92847	0.865027606	0.562206527
238	0.92907	0.865961028	0.564818147
239	0.92966	0.866846138	0.567374309
240	0.93023	0.867794322	0.569957671
241	0.9308	0.868703186	0.572505217
242	0.93135	0.869569619	0.575002203
243	0.9319	0.870489045	0.577523839
244	0.93244	0.871456379	0.580060794
245	0.93298	0.872238404	0.582463741
246	0.93351	0.873058533	0.584882966
247	0.93403	0.873955614	0.587336562
248	0.93455	0.874785637	0.589734103
249	0.93506	0.875641447	0.592139737
250	0.93557	0.876591291	0.594597975
251	0.93607	0.87739315	0.596938288
252	0.93656	0.878219153	0.599277092
253	0.93705	0.879066147	0.601626901
254	0.93753	0.879885211	0.603947788
255	0.93801	0.880771708	0.606295075
256	0.93848	0.88153692	0.608548842
257	0.93895	0.882350123	0.610831972
258	0.93941	0.883148189	0.613086067
259	0.93987	0.883973208	0.615346758
260	0.94032	0.884754375	0.617566462
261	0.94076	0.885573149	0.61979352
262	0.9412	0.886370684	0.622001672
263	0.94164	0.887055315	0.624117919
264	0.94207	0.887850383	0.626309207
265	0.94252	0.88859636	0.628533515
266	0.94296	0.889283519	0.63070522
267	0.9434	0.890062055	0.632937414
268	0.94383	0.890740256	0.635078759
269	0.94432	0.89146129	0.637522282
270	0.94482	0.892154946	0.6400083
271	0.94532	0.892845426	0.642479995
272	0.94581	0.893582723	0.64496655
273	0.94629	0.894228243	0.647376269
274	0.94677	0.894930234	0.649806022
275	0.94724	0.895550431	0.652156989
276	0.94771	0.8962138	0.654526699
277	0.94817	0.896845183	0.656861893
278	0.94862	0.897563588	0.659232662
279	0.94907	0.898209819	0.661546157
280	0.94952	0.898896863	0.663876819
281	0.94996	0.899535142	0.666151485
282	0.95039	0.900170741	0.668403963
283	0.95082	0.900795683	0.670635233
284	0.95124	0.901417937	0.672852627
285	0.95166	0.902032396	0.675050729
286	0.95208	0.902644026	0.677233163
287	0.95249	0.903249949	0.679399165
288	0.95289	0.903851014	0.681540645
289	0.95329	0.904448328	0.683665473
290	0.95368	0.905038822	0.685772686
291	0.95408	0.905623807	0.687868943
292	0.95446	0.906203857	0.689932967
293	0.95484	0.906779173	0.691987874
294	0.95522	0.907260372	0.693956577
295	0.95559	0.907766322	0.695931053
296	0.95596	0.908374398	0.697969425
297	0.95632	0.909022069	0.70002539
298	0.95668	0.909505912	0.701940707
299	0.95704	0.91007786	0.703918066
300	0.95739	0.910749473	0.705950756
301	0.95774	0.911100469	0.707728817
302	0.95808	0.911832205	0.709789189
303	0.95842	0.912444146	0.7117419
304	0.95876	0.912835923	0.713507864
305	0.95909	0.913477057	0.715463784
306	0.95942	0.914126349	0.717411441
307	0.95975	0.914673951	0.71926444
308	0.96007	0.915231504	0.721120281
309	0.96039	0.915770477	0.722946376
310	0.9607	0.916314766	0.724762753
311	0.96101	0.916892318	0.726590259
312	0.96132	0.917399408	0.728355464
313	0.96162	0.917941461	0.730134294
314	0.96193	0.918504931	0.731931258
315	0.96222	0.919001333	0.733652958
316	0.96252	0.919488299	0.735359152
317	0.96281	0.920003906	0.737073852
318	0.9631	0.920544532	0.738801878
319	0.96338	0.921042427	0.740481157
320	0.96366	0.92158018	0.742185657
321	0.96394	0.921998736	0.743778323
322	0.96422	0.922476653	0.745420701
323	0.96449	0.922911711	0.747004746
324	0.96476	0.923386615	0.748613923
325	0.96503	0.923814813	0.750187001
326	0.9653	0.924337133	0.751820495
327	0.96556	0.924747306	0.753347822
328	0.96582	0.925229404	0.754926493
329	0.96607	0.925675719	0.756460914
330	0.96633	0.926140758	0.758002237
331	0.96658	0.926594405	0.759528047
332	0.96683	0.927034934	0.761035751
333	0.96707	0.927500668	0.762548904
334	0.96732	0.927916702	0.764021662
335	0.96756	0.928384233	0.765521485
336	0.9678	0.928832794	0.766998236
337	0.96803	0.929172631	0.768369669
338	0.96827	0.929637054	0.769853454
339	0.9685	0.93003771	0.771259929
340	0.96873	0.93047487	0.772689053
341	0.96895	0.930853793	0.774063182
342	0.96918	0.931265549	0.775455864
343	0.9694	0.931655514	0.776823705
344	0.96962	0.932028581	0.778169666
345	0.96984	0.932426809	0.779519795
346	0.97005	0.932761118	0.780818667
347	0.97027	0.93314048	0.782146355
348	0.97048	0.933507558	0.7834478
349	0.97069	0.933931995	0.784798583
350	0.9709	0.934255522	0.786047583
351	0.9711	0.934611969	0.787317232
352	0.9713	0.934952313	0.788574372
353	0.97151	0.935280383	0.789812145
354	0.97171	0.935675274	0.791090196
355	0.9719	0.935947482	0.792257367
356	0.9721	0.936259249	0.793457973
357	0.97229	0.936634157	0.794704924
358	0.97248	0.936946743	0.795881757
359	0.97266	0.937208997	0.796953801
360	0.97284	0.937580861	0.798110765
361	0.97301	0.9377533	0.799081378
362	0.97318	0.938090106	0.800192738
363	0.97336	0.938306721	0.801201399
364	0.97353	0.938658943	0.802309222
365	0.97369	0.9389434	0.803333369
366	0.97385	0.939301677	0.804412275
367	0.97401	0.939625918	0.805462804
368	0.97417	0.939861947	0.806429232
369	0.97433	0.94028554	0.807557339
370	0.97449	0.940551019	0.808541254
371	0.97465	0.940797593	0.809509533
372	0.9748	0.941127639	0.810532815
373	0.97496	0.941278335	0.811401346
374	0.97511	0.941723929	0.812516421
375	0.97526	0.941857271	0.813362721
376	0.97541	0.942026593	0.814231325
377	0.97556	0.942368468	0.815240456
378	0.9757	0.942615333	0.816159657
379	0.97585	0.942836393	0.817056205
380	0.97599	0.942965268	0.817864926
381	0.97614	0.943245002	0.818813349
382	0.97628	0.943347018	0.819581149
383	0.97642	0.943563858	0.82045831
384	0.97656	0.94363316	0.821198341
385	0.9767	0.943820229	0.822031986
386	0.97683	0.943970985	0.82282598
387	0.97697	0.944024615	0.823544033
388	0.97711	0.944147486	0.824313547
389	0.97724	0.944223565	0.825034063
390	0.97737	0.944282281	0.825730416
391	0.9775	0.944318861	0.826398389
392	0.97764	0.944228867	0.826973388
393	0.97776	0.944322073	0.827673595
394	0.97789	0.944290547	0.82828235
395	0.97802	0.94428637	0.828905974
396	0.97815	0.944283849	0.829521948
397	0.97827	0.944402752	0.830236314
398	0.9784	0.944203977	0.830679968
399	0.97852	0.944230229	0.831303881
400	0.97864	0.944126996	0.831813868
401	0.97877	0.944142382	0.832436935
402	0.97889	0.944042658	0.832940839
403	0.97901	0.944033947	0.833525096
404	0.97912	0.944044091	0.83410836
405	0.97924	0.944003571	0.834655473
406	0.97936	0.943971462	0.83520085
407	0.97947	0.943844204	0.83565353
408	0.97959	0.943978877	0.836346763
409	0.9797	0.943992948	0.836915562
410	0.97982	0.943882475	0.837382536
411	0.97993	0.943788919	0.83785596
412	0.98004	0.943885071	0.838488652
413	0.98015	0.943833081	0.838989873
414	0.98026	0.94383687	0.83954075
415	0.98037	0.943714312	0.839970023
416	0.98048	0.943765385	0.840553898
417	0.98058	0.943749933	0.841060812
418	0.98069	0.943671693	0.841520387
419	0.98079	0.943749892	0.842110979
420	0.9809	0.943691764	0.842579359
421	0.981	0.943786357	0.843175617
422	0.98111	0.94384292	0.843746667
423	0.98121	0.943896476	0.844306582
424	0.98131	0.94398146	0.844885507
425	0.98141	0.943991396	0.845388133
426	0.98151	0.944057216	0.845950195
427	0.98161	0.944061372	0.846447856
428	0.98171	0.944093316	0.846970534
429	0.9818	0.94415177	0.847499223
430	0.9819	0.944399969	0.848216373
431	0.982	0.94437006	0.848665388
432	0.98209	0.944483433	0.849243915
433	0.98219	0.944479988	0.849716907
434	0.98228	0.944618889	0.850309454
435	0.98238	0.94480378	0.850980138
436	0.98248	0.944814225	0.851484606
437	0.98257	0.945026873	0.852153545
438	0.98267	0.945153051	0.852762722
439	0.98276	0.945253485	0.8533309
440	0.98286	0.945398548	0.853938961
441	0.98295	0.945527395	0.854533194
442	0.98305	0.945614366	0.85509846
443	0.98314	0.945739352	0.85568959
444	0.98323	0.945920295	0.856331577
445	0.98333	0.94601759	0.856897463
446	0.98342	0.946169014	0.857503865
447	0.98351	0.946188425	0.857981475
448	0.9836	0.946314253	0.858565031
449	0.98369	0.946488557	0.859183477
450	0.98378	0.946642914	0.859774732
451	0.98387	0.946799293	0.860377356
452	0.98396	0.946969954	0.860983869
453	0.98404	0.947101523	0.861546297
454	0.98413	0.947205492	0.862083227
455	0.98422	0.947356053	0.862672072
456	0.9843	0.94747706	0.863216106
457	0.98439	0.947628518	0.863787514
458	0.98447	0.947673349	0.864262433
459	0.98455	0.947876156	0.864872265
460	0.98464	0.947894209	0.865322465
461	0.98472	0.948112207	0.865937236
462	0.9848	0.948291148	0.866525905
463	0.98488	0.948379634	0.867022754
464	0.98496	0.94854816	0.867592947
465	0.98504	0.948651869	0.868094685
466	0.98512	0.948730816	0.868573898
467	0.9852	0.948821137	0.869063649
468	0.98528	0.949049628	0.869680149
469	0.98535	0.949156159	0.870176255
470	0.98543	0.949318078	0.870722783
471	0.98551	0.94943708	0.871230117
472	0.98558	0.949546498	0.87171996
473	0.98566	0.949617862	0.872174479
474	0.98573	0.949778877	0.872711993
475	0.98581	0.949964698	0.873271981
476	0.98588	0.950034109	0.873716254
477	0.98595	0.950237103	0.874274162
478	0.98602	0.950311277	0.874723071
479	0.9861	0.950516172	0.875291964
480	0.98617	0.950595064	0.87573611
481	0.98624	0.950785599	0.87627388
482	0.98631	0.950908372	0.876758738
483	0.98638	0.951052127	0.877253709
484	0.98645	0.951216905	0.877768232
485	0.98652	0.95133122	0.878236338
486	0.98659	0.951520986	0.878774256
487	0.98665	0.951583705	0.87917668
488	0.98672	0.951747755	0.879681756
489	0.98679	0.951909115	0.880184509
490	0.98685	0.952026489	0.880637811
491	0.98692	0.952258531	0.881206273
492	0.98699	0.952333807	0.881620423
493	0.98705	0.952521844	0.882130158
494	0.98712	0.952584626	0.882532959
495	0.98718	0.952772665	0.88304299
496	0.98725	0.95305733	0.883651728
497	0.98731	0.953066544	0.883996267
498	0.98737	0.953232637	0.884477
499	0.98744	0.953348934	0.884930034
500	0.9875	0.953536044	0.885430566
501	0.98756	0.953618837	0.885834358
502	0.98762	0.953835608	0.886362741
503	0.98769	0.953953823	0.886799243
504	0.98775	0.954045195	0.887211343
505	0.98781	0.954174845	0.887659148
506	0.98787	0.954349473	0.888139506
507	0.98793	0.954479087	0.888578107
508	0.98799	0.954623041	0.88903018
509	0.98805	0.954774685	0.889489545
510	0.98811	0.954889895	0.889915089
511	0.98817	0.955018523	0.890343813
512	0.98823	0.955193173	0.890825012
513	0.98828	0.955290203	0.891215486
514	0.98834	0.955443771	0.891667831
515	0.9884	0.955574291	0.89209879
516	0.98846	0.955663554	0.892481887
517	0.98851	0.955806515	0.892915651
518	0.98857	0.955934106	0.893334754
519	0.98863	0.956077151	0.893768413
520	0.98868	0.956184712	0.894159966
521	0.98874	0.956329658	0.894595628
522	0.98879	0.95645928	0.895008018
523	0.98884	0.956569665	0.895393048
524	0.9889	0.956682006	0.895789056
525	0.98895	0.956748227	0.896132902
526	0.98901	0.956973796	0.896635175
527	0.98906	0.957076504	0.897013394
528	0.98911	0.957184959	0.897397085
529	0.98916	0.95727229	0.897751584
530	0.98921	0.957377867	0.898123273
531	0.98927	0.957540135	0.898557325
532	0.98932	0.95762459	0.898909373
533	0.98937	0.957753222	0.899302972
534	0.98942	0.957540725	0.899366786
535	0.98947	0.955721414	0.897930325
536	0.98952	0.946927199	0.889928351
537	0.98957	0.941740226	0.885312663
538	0.98961	0.942217882	0.886011961
539	0.98966	0.94235337	0.886398639
540	0.98971	0.944602217	0.888773867
541	0.98976	0.947353482	0.89161384
542	0.98981	0.948788775	0.893216402
543	0.98985	0.949986794	0.894596672
544	0.96484	0.950905133	0.873038173
545	0.965	0.951651443	0.874070296
546	0.96516	0.952514293	0.875210111
547	0.96531	0.953282998	0.876245805
548	0.96547	0.953914237	0.87717398
549	0.96562	0.954365599	0.877918903
550	0.96577	0.954653409	0.878513692
551	0.96592	0.954793994	0.878982429
552	0.96607	0.954691007	0.879217786
553	0.96622	0.954594724	0.879459308
554	0.96637	0.954316406	0.879533055
555	0.96652	0.953925358	0.879502733
556	0.96667	0.953609318	0.879541382
557	0.96682	0.953307647	0.879593132
558	0.96696	0.953088745	0.879702816
559	0.96711	0.952994043	0.879945404
560	0.96725	0.953009159	0.880271104
561	0.96739	0.952932702	0.880521473
562	0.96754	0.952993069	0.880898204
563	0.96768	0.95322014	0.881420073
564	0.96782	0.95349351	0.88198497
565	0.96796	0.953855601	0.882632197
566	0.9681	0.954213875	0.88327618
567	0.96823	0.95455775	0.88389799
568	0.96837	0.954898785	0.884526571
569	0.96851	0.95522446	0.885131944
570	0.96864	0.955628283	0.885800869
571	0.96878	0.95590775	0.886373194
572	0.96891	0.956204724	0.886943575
573	0.96904	0.956480555	0.887503837
574	0.96917	0.956748699	0.888047917
575	0.9693	0.957009157	0.888585072
576	0.96943	0.957180852	0.889039992
577	0.96956	0.95743651	0.889563795
578	0.96969	0.957627556	0.89003703
579	0.96982	0.957711475	0.890410831
580	0.96994	0.957921943	0.89088395
581	0.97007	0.958051341	0.891300294
582	0.97019	0.958211645	0.89172704
583	0.97032	0.958287961	0.892084929
584	0.97044	0.958407711	0.892474159
585	0.97056	0.958602823	0.892933698
586	0.97069	0.958662705	0.893276589
587	0.97081	0.95885881	0.893737328
588	0.97093	0.95903947	0.89417451
589	0.97105	0.95912257	0.894530157
590	0.97117	0.959271378	0.894937879
591	0.97128	0.959417305	0.895343135
592	0.9714	0.959526502	0.895714124
593	0.97152	0.959641517	0.896090647
594	0.97164	0.95976233	0.896472688
595	0.97175	0.959863783	0.89682752
596	0.97187	0.959962332	0.897188959
597	0.97198	0.960084095	0.897553629
598	0.97209	0.960189438	0.897912376
599	0.97221	0.960290921	0.898276844
600	0.97232	0.960375973	0.898607454
601	0.97243	0.960458113	0.898935418
602	0.97254	0.960576058	0.89930632
603	0.97265	0.960641724	0.89961902
604	0.97276	0.960708338	0.899932677
605	0.97287	0.960798193	0.900268179
606	0.97298	0.96089193	0.9006074
607	0.97309	0.960943058	0.900897407
608	0.9732	0.961053253	0.901252214
609	0.9733	0.961132454	0.901568777
610	0.97341	0.9612155	0.901888927
611	0.97351	0.961294684	0.902205616
612	0.97362	0.961408731	0.902555015
613	0.97372	0.961531498	0.902903419
614	0.97383	0.961643648	0.903251215
615	0.97393	0.961727709	0.90356343
616	0.97403	0.961888307	0.903947641
617	0.97414	0.961969472	0.904266576
618	0.97424	0.962120379	0.904641873
619	0.97434	0.962250946	0.904998142
620	0.97444	0.962400918	0.905363381
621	0.97454	0.962517952	0.905707103
622	0.97464	0.962654396	0.906059798
623	0.97474	0.962756906	0.90639002
624	0.97484	0.962897251	0.906746564
625	0.97494	0.96300462	0.907072139
626	0.97503	0.963151742	0.907425938
627	0.97513	0.963283359	0.907774525
628	0.97523	0.963385879	0.908095773
629	0.97532	0.963491322	0.908419935
630	0.97542	0.963612295	0.908758735
631	0.97552	0.963737148	0.90910128
632	0.97562	0.963852309	0.909434763
633	0.97571	0.963969419	0.909760844
634	0.97581	0.964084591	0.910085091
635	0.9759	0.964194935	0.910404936
636	0.976	0.96431691	0.910745171
637	0.97609	0.964414613	0.911043814
638	0.97619	0.964510365	0.911359429
639	0.97628	0.96464206	0.91169033
640	0.97638	0.964729107	0.911997863
641	0.97647	0.964845298	0.912323678
642	0.97657	0.964954699	0.91264307
643	0.97666	0.965054395	0.912953433
644	0.97675	0.965182258	0.91328109
645	0.97685	0.965271262	0.913581399
646	0.97694	0.965383573	0.913903914
647	0.97703	0.965512422	0.914232729
648	0.97712	0.965610169	0.914532166
649	0.97722	0.965729314	0.914861299
650	0.97731	0.96582902	0.915162728
651	0.9774	0.965906387	0.91544305
652	0.97749	0.966044991	0.915781479
653	0.97758	0.966145685	0.916084044
654	0.97767	0.966258062	0.916397755
655	0.97776	0.966351964	0.916694011
656	0.97785	0.966450743	0.916985507
657	0.97794	0.966585489	0.91732065
658	0.97803	0.966698867	0.917635591
659	0.97812	0.966769459	0.917900523
660	0.97821	0.966871164	0.91819505
661	0.97829	0.967002073	0.918517453
662	0.97838	0.96708531	0.918794566
663	0.97847	0.967184108	0.919086521
664	0.97855	0.96730041	0.919385779
665	0.97864	0.967405045	0.919683408
666	0.97872	0.967504822	0.919967081
667	0.97881	0.967605593	0.920261159
668	0.97889	0.967717093	0.920556101
669	0.97897	0.967794519	0.920818686
670	0.97905	0.967893374	0.921092236
671	0.97913	0.967999993	0.921373229
672	0.97921	0.968083254	0.921632043
673	0.97928	0.968181119	0.921895396
674	0.97936	0.968275095	0.922164511
675	0.97943	0.968362256	0.922408283
676	0.97951	0.968482538	0.922702559
677	0.97958	0.968560946	0.922947572
678	0.97966	0.968645202	0.923198136
679	0.97973	0.968743099	0.923461814
680	0.97981	0.968835148	0.9237199
681	0.97988	0.968940851	0.923981626
682	0.97995	0.969016355	0.924214597
683	0.98001	0.969110375	0.924455836
684	0.98008	0.969181989	0.924675677
685	0.98015	0.96927504	0.924925507
686	0.98022	0.969361259	0.925168862
687	0.98029	0.969473783	0.925427865
688	0.98035	0.969531749	0.925634891
689	0.98042	0.969636483	0.925886542
690	0.98049	0.969706168	0.926104765
691	0.98055	0.969783649	0.926330531
692	0.98062	0.969873803	0.926568378
693	0.98068	0.969951278	0.9267847
694	0.98075	0.970031672	0.927013297
695	0.98081	0.970117906	0.927238059
696	0.98087	0.970184647	0.927444223
697	0.98094	0.970257257	0.927665485
698	0.981	0.970337677	0.927884793
699	0.98106	0.97041322	0.928099469
700	0.98113	0.970481944	0.928317118
701	0.98119	0.970570175	0.928543999
702	0.98125	0.970644725	0.928748302
703	0.98131	0.970718308	0.928961234
704	0.98138	0.970784094	0.929176204
705	0.98144	0.97085182	0.929383595
706	0.98151	0.970923452	0.929604226
707	0.98157	0.970988266	0.929808891
708	0.98163	0.971043318	0.930004236
709	0.9817	0.971124718	0.930234322
710	0.98176	0.971195391	0.930444692
711	0.98182	0.971271919	0.930651166
712	0.98188	0.971328924	0.930848499
713	0.98195	0.971403477	0.93107216
714	0.98201	0.971481944	0.931280586
715	0.98207	0.971527222	0.931466762
716	0.98214	0.971592032	0.931681179
717	0.9822	0.971676387	0.931904885
718	0.98226	0.971756837	0.932124881
719	0.98232	0.971799211	0.932298837
720	0.98239	0.971862099	0.932511535
721	0.98245	0.971938652	0.932718337
722	0.98251	0.971993722	0.932914101
723	0.98257	0.972073217	0.933123786
724	0.98263	0.97214982	0.933340278
725	0.98269	0.972217649	0.933538826
726	0.98275	0.972283522	0.933745077
727	0.98281	0.972354288	0.933946501
728	0.98287	0.972442692	0.934164898
729	0.98293	0.972518398	0.934371128
730	0.98299	0.972591176	0.934584136
731	0.98305	0.97266199	0.934785726
732	0.98311	0.972747479	0.935001451
733	0.98316	0.972833947	0.935208637
734	0.98322	0.972908691	0.935414095
735	0.98328	0.973002014	0.935637448
736	0.98334	0.973068941	0.935835451
737	0.98339	0.973157373	0.936044648
738	0.98345	0.973218444	0.936237073
739	0.98351	0.973289291	0.936438931
740	0.98356	0.973371874	0.936633014
741	0.98362	0.973471087	0.936862227
742	0.98368	0.973538033	0.937060419
743	0.98373	0.973605932	0.937240452
744	0.98379	0.973692427	0.937457518
745	0.98384	0.973753486	0.937640594
746	0.9839	0.973839976	0.937848136
747	0.98395	0.973889325	0.938019983
748	0.984	0.973974875	0.938217141
749	0.98406	0.974067276	0.938440046
750	0.98411	0.974130311	0.938615566
751	0.98417	0.974209955	0.938826241
752	0.98422	0.974288617	0.93901687
753	0.98427	0.974352612	0.939193387
754	0.98432	0.974439116	0.939401216
755	0.98438	0.974488427	0.939573168
756	0.98443	0.974567108	0.939763916
757	0.98448	0.974636	0.939945247
758	0.98453	0.9747049	0.94012661
759	0.98458	0.974773803	0.940317597
760	0.98464	0.974840738	0.940506663
761	0.98469	0.974908668	0.940687162
762	0.98474	0.974974616	0.940865771
763	0.98479	0.975039585	0.941043456
764	0.98484	0.975104555	0.941221166
765	0.98489	0.975169529	0.941398901
766	0.98494	0.975231541	0.941564194
767	0.98499	0.975295527	0.941741018
768	0.98504	0.975357544	0.941915963
769	0.98509	0.975419564	0.942090931
770	0.98514	0.975481591	0.942265929
771	0.98519	0.975543616	0.942431334
772	0.98524	0.975603681	0.942604477
773	0.98529	0.975666704	0.9427805
774	0.98533	0.975731701	0.942939269
775	0.98538	0.975795709	0.943116285
776	0.98543	0.975860709	0.943294281
777	0.98548	0.975924723	0.943461729
778	0.98553	0.975986762	0.943636906
779	0.98558	0.976048804	0.943802488
780	0.98562	0.976110853	0.943968139
781	0.98567	0.9761729	0.944133764
782	0.98572	0.976233966	0.944308082
783	0.98577	0.976296023	0.944473757
784	0.98581	0.976358074	0.944639487
785	0.98586	0.976419148	0.944804248
786	0.98591	0.976481212	0.944969988
787	0.98595	0.976542291	0.945134834
788	0.986	0.97660436	0.945300616
789	0.98605	0.976671377	0.945471207
790	0.98609	0.976737408	0.945631274
791	0.98614	0.976804431	0.945811543
792	0.98619	0.976870467	0.945981245
793	0.98623	0.976933544	0.946138508
794	0.98628	0.976994654	0.946303478
795	0.98632	0.977057736	0.946460781
796	0.98637	0.977122803	0.946629621
797	0.98641	0.977187877	0.94678889
798	0.98646	0.977252946	0.94695777
799	0.9865	0.977318025	0.94711708
800	0.98655	0.977386065	0.947288879
801	0.98659	0.977455103	0.947452063
802	0.98664	0.977524135	0.947624864
803	0.98668	0.977592189	0.947787131
804	0.98672	0.977659261	0.947948465
805	0.98677	0.977727321	0.948120383
806	0.98681	0.977797354	0.948274977
807	0.98685	0.977863446	0.948435414
808	0.98689	0.977928551	0.948594911
809	0.98694	0.977993653	0.948764037
810	0.98698	0.978059745	0.948914875
811	0.98702	0.978125847	0.949075393
812	0.98706	0.978192942	0.949236893
813	0.98711	0.978259058	0.949397421
814	0.98715	0.978326159	0.949558962
815	0.98719	0.978391291	0.949708951
816	0.98723	0.97845445	0.9498667
817	0.98727	0.978518589	0.950015757
818	0.98731	0.978581754	0.950173545
819	0.98735	0.978644916	0.950321684
820	0.98739	0.978709068	0.950480464
821	0.98743	0.97877125	0.950627683
822	0.98747	0.97883541	0.950786504
823	0.98751	0.978896599	0.95093279
824	0.98755	0.978955823	0.951077181
825	0.98759	0.979016034	0.951232215
826	0.98763	0.979074265	0.951375671
827	0.98767	0.979126559	0.951513372
828	0.98771	0.979178856	0.951651089
829	0.98775	0.979231151	0.951798489
830	0.98779	0.979283455	0.951936241
831	0.98783	0.979337742	0.952075933
832	0.98787	0.979391049	0.952214686
833	0.98791	0.979444357	0.952353453
834	0.98794	0.979497659	0.952482587
835	0.98798	0.979550971	0.952631062
836	0.98802	0.979604284	0.952769874
837	0.98806	0.979657592	0.952908695
838	0.98809	0.979709923	0.953036934
839	0.98813	0.979764226	0.953176747
840	0.98817	0.979816556	0.953314656
841	0.9882	0.979868893	0.953442936
842	0.98824	0.979919242	0.953569259
843	0.98828	0.979968611	0.953704322
844	0.98831	0.980017981	0.953829749
845	0.98835	0.980069326	0.953966761
846	0.98838	0.980120681	0.954094143
847	0.98842	0.980173028	0.954232155
848	0.98846	0.980225374	0.954370181
849	0.98849	0.980275743	0.954486947
850	0.98853	0.980324139	0.95462115
851	0.98856	0.980374511	0.954747632
852	0.9886	0.980421925	0.954880902
853	0.98863	0.980471309	0.954996751
854	0.98866	0.980518725	0.955120386
855	0.9887	0.980566142	0.955253694
856	0.98873	0.980614545	0.955368617
857	0.98876	0.980661966	0.955492287
858	0.9888	0.980710371	0.955626593
859	0.98883	0.980757795	0.955740591
860	0.98886	0.98080522	0.955864297
861	0.9889	0.98085363	0.955988942
862	0.98893	0.980900071	0.956111711
863	0.98896	0.9809475	0.956225752
864	0.989	0.980996906	0.956361101
865	0.98903	0.9810493	0.956480002
866	0.98906	0.981101688	0.956608611
867	0.98909	0.98115408	0.95672753
868	0.98912	0.98120747	0.956857137
869	0.98916	0.981260868	0.956986733
870	0.98919	0.981314262	0.95710666
871	0.98922	0.981368648	0.957237273
872	0.98925	0.981422053	0.95735723
873	0.98928	0.981476443	0.95747816
874	0.98931	0.981528863	0.957606887
875	0.98934	0.981583257	0.957727841
876	0.98937	0.981636668	0.957847844
877	0.9894	0.981690078	0.95797757
878	0.98943	0.981743493	0.958097598
879	0.98946	0.981796906	0.958217635
880	0.98949	0.981848334	0.958335743
881	0.98952	0.981898783	0.958452905
882	0.98955	0.981949226	0.958579788
883	0.98958	0.981999678	0.958696972
884	0.98961	0.9820531	0.958817066
885	0.98964	0.982105539	0.958936209
886	0.98967	0.982158965	0.959056326
887	0.9897	0.982211407	0.959175492
888	0.98973	0.98226385	0.959294669
889	0.98976	0.982315304	0.959412888
890	0.98979	0.982367751	0.959532088
891	0.98982	0.98241822	0.959649365
892	0.98985	0.982467694	0.959765679
893	0.98988	0.98251717	0.959882005
894	0.9899	0.98256764	0.959989612
895	0.98993	0.982617118	0.960105958
896	0.98996	0.982666599	0.960222314
897	0.98999	0.982717073	0.960339651
898	0.99002	0.982766556	0.960456028
899	0.99004	0.982818029	0.960564658
900	0.99007	0.982870492	0.960683966
901	0.9901	0.982921969	0.96080232
902	0.99013	0.982973443	0.960910947
903	0.99016	0.983022938	0.961027382
904	0.99018	0.983072431	0.961134116
905	0.99021	0.983120937	0.961249601
906	0.99024	0.983168452	0.961364126
907	0.99026	0.983214978	0.961458247
908	0.99029	0.983261504	0.96157182
909	0.99032	0.983308033	0.961685406
910	0.99035	0.983353568	0.961798029
911	0.99037	0.9834001	0.961892183
912	0.9904	0.983446631	0.962005795
913	0.99043	0.983492172	0.962118448
914	0.99045	0.983536721	0.962210682
915	0.99048	0.98358028	0.962321411
916	0.9905	0.983623839	0.962422432
917	0.99053	0.983667398	0.962523434
918	0.99056	0.98371295	0.962636137
919	0.99058	0.983758498	0.96272938
920	0.99061	0.983804052	0.962842102
921	0.99063	0.983848614	0.962934393
922	0.99066	0.983891193	0.963044217
923	0.99068	0.98393476	0.963135547
924	0.99071	0.983977341	0.963245389
925	0.99074	0.984019918	0.963345486
926	0.99076	0.984059527	0.96344271
927	0.99079	0.984099134	0.963539911
928	0.99082	0.984140721	0.96364881
929	0.99084	0.984182315	0.963738245
930	0.99087	0.984224903	0.963848139
931	0.99089	0.984266504	0.963937593
932	0.99092	0.984310081	0.96404847
933	0.99094	0.984349698	0.964135993
934	0.99097	0.984388323	0.964232279
935	0.99099	0.984428928	0.964330537
936	0.99102	0.984467555	0.964426838
937	0.99104	0.984506183	0.964513414
938	0.99107	0.984545803	0.964620458
939	0.99109	0.984584433	0.964707047
940	0.99112	0.984624056	0.96480435
941	0.99114	0.984665667	0.964903631
942	0.99117	0.984708266	0.965003862
943	0.99119	0.98474889	0.965092428
944	0.99122	0.984788524	0.965189767
945	0.99124	0.984828153	0.96528713
946	0.99127	0.984866789	0.965383504
947	0.99129	0.98490642	0.965471119
948	0.99132	0.984944069	0.965566537
949	0.99134	0.984982709	0.965662956
950	0.99136	0.985020366	0.965748652
951	0.99139	0.985058018	0.965844091
952	0.99141	0.985095675	0.965929798
953	0.99144	0.985133329	0.96602525
954	0.99146	0.985171977	0.966111939
955	0.99148	0.985209632	0.96619766
956	0.99151	0.985247289	0.966302901
957	0.99153	0.985284952	0.966388641
958	0.99155	0.98532261	0.96647438
959	0.99158	0.985361263	0.966570848
960	0.9916	0.985398923	0.9666566
961	0.99162	0.9854356	0.966741392
962	0.99165	0.985473262	0.966836906
963	0.99167	0.985509937	0.966921706
964	0.99169	0.985548594	0.967008457
965	0.99172	0.985585271	0.967103021
966	0.99174	0.985621952	0.967187843
967	0.99176	0.985656641	0.967270715
968	0.99178	0.985690344	0.967352623
969	0.99181	0.985725034	0.96744526
970	0.99183	0.985758738	0.967527179
971	0.99185	0.98579443	0.967611054
972	0.99187	0.98583111	0.967695905
973	0.9919	0.985867797	0.967780744
974	0.99192	0.985905469	0.967866578
975	0.99194	0.985941164	0.967950475
976	0.99196	0.985977854	0.968035354
977	0.99198	0.986014539	0.968120233
978	0.99201	0.986050236	0.968213907
979	0.99203	0.986084935	0.968296846
980	0.99205	0.986118646	0.968369036
981	0.99207	0.986152358	0.968451015
982	0.99209	0.986186071	0.968532999
983	0.99211	0.986221776	0.968616943
984	0.99214	0.986255499	0.968708711
985	0.99216	0.986292196	0.968783854
986	0.99218	0.986324921	0.968864886
987	0.9922	0.986357647	0.968945924
988	0.99222	0.986391364	0.969027939
989	0.99224	0.986424092	0.969099199
990	0.99226	0.986459798	0.969183177
991	0.99228	0.986494515	0.969266188
992	0.9923	0.986530227	0.969350181
993	0.99232	0.986565936	0.969424386
994	0.99234	0.986598667	0.969505459
995	0.99236	0.986631399	0.969586537
996	0.99239	0.986664127	0.969667595
997	0.99241	0.98669686	0.969748684
998	0.99243	0.986729594	0.969819984
999	0.99245	0.98676134	0.96990011
1000	0.99247	0.986793084	0.969980239
1001	0.99249	0.986823837	0.970049604
1002	0.99251	0.986855583	0.970129742
1003	0.99253	0.98688832	0.970201065
1004	0.99255	0.986920069	0.970281214
1005	0.99257	0.986950822	0.97036039
1006	0.99258	0.986982572	0.970420976
1007	0.9926	0.987015312	0.970502111
1008	0.99262	0.987046072	0.970571508
1009	0.99264	0.987078813	0.970652653
1010	0.99266	0.987109571	0.970722054
1011	0.99268	0.987141323	0.970802235
1012	0.9927	0.987173077	0.970872622
1013	0.99272	0.98720582	0.970953786
1014	0.99274	0.987236584	0.971023208
1015	0.99276	0.987267344	0.971102429
1016	0.99278	0.987299099	0.971172831
1017	0.9928	0.987329864	0.971252066
1018	0.99281	0.987360631	0.97131172
1019	0.99283	0.987391398	0.971381161
1020	0.99285	0.987421171	0.971459431
1021	0.99287	0.987452929	0.971529853
1022	0.99289	0.987483698	0.971599306
1023	0.99291	0.987514467	0.971678568
1024	0.99292	0.987544243	0.971737263
1025	0.99294	0.987575013	0.971806727
1026	0.99296	0.987605784	0.971886002
1027	0.99298	0.987637546	0.971956448
1028	0.993	0.987666329	0.972023966
1029	0.99301	0.987694118	0.972080719
1030	0.99303	0.987720916	0.972156098
1031	0.99305	0.987748706	0.972222648
1032	0.99307	0.987778489	0.972291163
1033	0.99308	0.987810254	0.97236165
1034	0.9931	0.987839044	0.972429193
1035	0.99312	0.98786982	0.972498695
1036	0.99314	0.987899606	0.972567225
1037	0.99315	0.987929392	0.972635777
1038	0.99317	0.98795918	0.972704315
1039	0.99319	0.987986977	0.972770897
1040	0.99321	0.988014772	0.972837479
1041	0.99322	0.98804257	0.972904086
1042	0.99324	0.988069374	0.972969699
1043	0.99326	0.988098165	0.973037271
1044	0.99327	0.988126965	0.973095058
1045	0.99329	0.988157747	0.973164596
1046	0.99331	0.988187537	0.973242978
1047	0.99333	0.988215339	0.973309588
1048	0.99334	0.988242146	0.973365422
1049	0.99336	0.988267962	0.973430082
1050	0.99338	0.98829477	0.973495722
1051	0.99339	0.988323573	0.973563348
1052	0.99341	0.988353367	0.973631935
1053	0.99343	0.988382166	0.973699545
1054	0.99344	0.988410969	0.973757361
1055	0.99346	0.988436789	0.973822042
1056	0.99348	0.9884636	0.973887702
1057	0.99349	0.988489421	0.973952407
1058	0.99351	0.988517228	0.974019054
1059	0.99353	0.988547025	0.974087665
1060	0.99354	0.988574841	0.974144522
1061	0.99356	0.988604639	0.974213141
1062	0.99357	0.988631457	0.974269019
1063	0.99359	0.98865728	0.974333725
1064	0.99361	0.988683104	0.974398435
1065	0.99362	0.988708927	0.974463164
1066	0.99364	0.988735745	0.97452886
1067	0.99365	0.988761571	0.974583772
1068	0.99367	0.988787395	0.974648493
1069	0.99369	0.988813221	0.974713219
1070	0.9937	0.988839046	0.974768137
1071	0.99372	0.988864872	0.974832868
1072	0.99373	0.988890699	0.974887793
1073	0.99375	0.98891653	0.974952534
1074	0.99376	0.988942357	0.975007463
1075	0.99378	0.988968185	0.975072207
1076	0.9938	0.988993022	0.975135976
1077	0.99381	0.989018852	0.975190914
1078	0.99383	0.98904468	0.975255666
1079	0.99384	0.989070514	0.975310612
1080	0.99386	0.98909436	0.975373415
1081	0.99387	0.989119199	0.975427385
1082	0.99389	0.989145029	0.975492148
1083	0.9939	0.989168877	0.975545145
1084	0.99392	0.989193717	0.975608937
1085	0.99393	0.989220543	0.975664876
1086	0.99395	0.989244392	0.975727696
1087	0.99396	0.989269233	0.97578168
1088	0.99398	0.989294075	0.975845485
1089	0.99399	0.989318915	0.975899473
1090	0.99401	0.989343757	0.975953449
1091	0.99402	0.9893686	0.976007443
1092	0.99404	0.989393446	0.976071262
1093	0.99405	0.98941829	0.976125261
1094	0.99406	0.989443133	0.976179262
1095	0.99408	0.989466985	0.976242107
1096	0.99409	0.989490837	0.976295134
1097	0.99411	0.98951469	0.976357984
1098	0.99412	0.989539538	0.976411999
1099	0.99414	0.989562399	0.976464038
1100	0.99415	0.989584262	0.976515109
1101	0.99417	0.989606124	0.976576006
1102	0.99418	0.989626992	0.976626099
1103	0.99419	0.989647864	0.976676198
1104	0.99421	0.989671719	0.976739067
1105	0.99422	0.989695574	0.976782275
1106	0.99424	0.989719429	0.976845149
1107	0.99425	0.989743285	0.976898201
1108	0.99426	0.98976515	0.97694929
1109	0.99428	0.989785027	0.977008244
1110	0.99429	0.989806892	0.977059337
1111	0.9943	0.989828758	0.97710059
1112	0.99432	0.989850631	0.977161521
1113	0.99433	0.989874489	0.977214586
1114	0.99435	0.989897355	0.977276501
1115	0.99436	0.989920221	0.977318748
1116	0.99437	0.989943087	0.977370839
1117	0.99439	0.98996695	0.977433745
1118	0.9944	0.989990809	0.977486821
1119	0.99441	0.990010693	0.977526129
1120	0.99443	0.990031569	0.977586092
1121	0.99444	0.990052441	0.977636225
1122	0.99445	0.990072326	0.977685383
1123	0.99447	0.9900932	0.977735505
1124	0.99448	0.990114076	0.977785646
1125	0.99449	0.990133958	0.977834805
1126	0.99451	0.990154836	0.977884937
1127	0.99452	0.990177705	0.977937051
1128	0.99453	0.990200575	0.977989167
1129	0.99454	0.990222453	0.978030457
1130	0.99456	0.990245323	0.978092412
1131	0.99457	0.99026521	0.978141587
1132	0.99458	0.990284102	0.978179931
1133	0.9946	0.990304981	0.978239925
1134	0.99461	0.990324865	0.978289103
1135	0.99462	0.990345745	0.978329415
1136	0.99463	0.990364637	0.978377615
1137	0.99465	0.990385518	0.978437618
1138	0.99466	0.99040441	0.978475971
1139	0.99467	0.990425291	0.978526141
1140	0.99468	0.990444184	0.978574348
1141	0.9947	0.990465065	0.978624508
1142	0.99471	0.990486947	0.978675672
1143	0.99472	0.990509821	0.978717965
1144	0.99473	0.990531703	0.978769132
1145	0.99475	0.990554577	0.978831121
1146	0.99476	0.990573475	0.978869489
1147	0.99477	0.990593362	0.97891869
1148	0.99478	0.990613253	0.978958041
1149	0.9948	0.990631155	0.979015125
1150	0.99481	0.990652038	0.97905546
1151	0.99482	0.990670934	0.979103687
1152	0.99483	0.990690826	0.979152901
1153	0.99484	0.990708729	0.979190294
1154	0.99486	0.990729614	0.979250334
1155	0.99487	0.99074851	0.979288712
1156	0.99488	0.990768403	0.979337932
1157	0.99489	0.990786307	0.97937533
1158	0.9949	0.990807193	0.979425535
1159	0.99491	0.99082609	0.979463918
1160	0.99493	0.990844991	0.979522008
1161	0.99494	0.990864881	0.979561374
1162	0.99495	0.990883782	0.979609623
1163	0.99496	0.99090268	0.979648011
1164	0.99497	0.990921581	0.979696263
1165	0.99498	0.990942469	0.97973662
1166	0.995	0.990960374	0.979793737
1167	0.99501	0.99098027	0.979833116
1168	0.99502	0.990998176	0.97988039
1169	0.99503	0.991014087	0.979915831
1170	0.99504	0.991030001	0.979961138
1171	0.99505	0.991046908	0.979997566
1172	0.99506	0.991063819	0.980043861
1173	0.99508	0.991083716	0.980093097
1174	0.99509	0.991102615	0.980141361
1175	0.9951	0.991122512	0.980180751
1176	0.99511	0.99114042	0.980228037
1177	0.99512	0.991159324	0.980266447
1178	0.99513	0.991177232	0.980303872
1179	0.99514	0.991196136	0.980352148
1180	0.99515	0.991215038	0.980390559
1181	0.99516	0.991233943	0.980438838
1182	0.99518	0.991251852	0.980486121
1183	0.99519	0.991270757	0.980534403
1184	0.9952	0.991286674	0.980569866
1185	0.99521	0.99130259	0.980605329
1186	0.99522	0.991319501	0.980651642
1187	0.99523	0.991335418	0.980687107
1188	0.99524	0.991354324	0.980735397
1189	0.99525	0.991372234	0.980772837
1190	0.99526	0.991391141	0.980811263
1191	0.99527	0.991409051	0.980858571
1192	0.99528	0.991428952	0.980897983
1193	0.99529	0.991445869	0.980934444
1194	0.9953	0.99146577	0.980983726
1195	0.99531	0.991481691	0.981019204
1196	0.99532	0.99149761	0.981054679
1197	0.99534	0.991512536	0.9811089
1198	0.99535	0.991527458	0.981143392
1199	0.99536	0.99154537	0.981190712
1200	0.99537	0.991564278	0.981229151
1201	0.99538	0.991582191	0.981266605
1202	0.99539	0.9916011	0.981305046
1203	0.9954	0.991617019	0.9813504
1204	0.99541	0.991632939	0.981385885
1205	0.99542	0.991647866	0.981420388
1206	0.99543	0.991663786	0.981465746
1207	0.99544	0.991682696	0.981504193
1208	0.99545	0.99170061	0.981541655
1209	0.99546	0.991718527	0.981588993
1210	0.99547	0.991735445	0.981625471
1211	0.99548	0.991750372	0.98165998
1212	0.99549	0.991766293	0.981705346
1213	0.9955	0.991782214	0.981740841
1214	0.99551	0.991798139	0.98177634
1215	0.99552	0.991816056	0.981813812
1216	0.99553	0.991833971	0.981861157
1217	0.99554	0.991852883	0.981899616
1218	0.99555	0.991867812	0.981934133
1219	0.99556	0.991883734	0.981969634
1220	0.99557	0.991898663	0.982014027
1221	0.99558	0.991914585	0.98204953
1222	0.99559	0.991929515	0.982084051
1223	0.9956	0.991945438	0.982119556
1224	0.99561	0.991960368	0.982163955
1225	0.99562	0.991975297	0.982198478
1226	0.99563	0.991993216	0.982235962
1227	0.99563	0.99201014	0.982262596
1228	0.99564	0.992028059	0.98230996
1229	0.99565	0.992043987	0.982345474
1230	0.99566	0.992058916	0.982380002
1231	0.99567	0.992074841	0.982415516
1232	0.99568	0.992088777	0.98245894
1233	0.99569	0.992104702	0.982494455
1234	0.9957	0.992118639	0.982528004
1235	0.99571	0.992134564	0.982563521
1236	0.99572	0.992148498	0.982597068
1237	0.99573	0.992163429	0.982631603
1238	0.99574	0.99217836	0.982676018
1239	0.99575	0.992192298	0.982709571
1240	0.99576	0.992208223	0.982745094
1241	0.99577	0.992222161	0.982778648
1242	0.99577	0.992238087	0.982804303
1243	0.99578	0.992252025	0.98284774
1244	0.99579	0.992266957	0.982882281
1245	0.9958	0.99228488	0.982919787
1246	0.99581	0.992301806	0.982956305
1247	0.99582	0.992318735	0.982992827
1248	0.99583	0.992335658	0.983029345
1249	0.99584	0.992349597	0.983062907
1250	0.99585	0.99236453	0.983107337
1251	0.99586	0.992379463	0.983141886
1252	0.99586	0.992394396	0.983166563
1253	0.99587	0.992408336	0.983200128
1254	0.99588	0.992424263	0.983235664
1255	0.99589	0.992437206	0.983268244
1256	0.9959	0.992452139	0.983302797
1257	0.99591	0.992466079	0.983336366
1258	0.99592	0.992482008	0.98338179
1259	0.99593	0.992495948	0.983415361
1260	0.99593	0.992509888	0.983439059
1261	0.99594	0.992524822	0.983473616
1262	0.99595	0.992538763	0.983507189
1263	0.99596	0.992553697	0.983541748
1264	0.99597	0.992566641	0.983574336
1265	0.99598	0.992580581	0.983607912
1266	0.99599	0.992595516	0.983642474
1267	0.99599	0.992609457	0.983666175
1268	0.996	0.992623398	0.983699754
1269	0.99601	0.992638334	0.983744205
1270	0.99602	0.99265327	0.983778771
1271	0.99603	0.992667211	0.983812352
1272	0.99604	0.992682147	0.98384692
1273	0.99605	0.992696088	0.983880503
1274	0.99605	0.992710027	0.983904206
1275	0.99606	0.992722974	0.983936805
1276	0.99607	0.992736917	0.98397039
1277	0.99608	0.992751853	0.984004962
1278	0.99609	0.992765795	0.984038549
1279	0.9961	0.992776746	0.984069172
1280	0.9961	0.992788695	0.984090905
1281	0.99611	0.99280064	0.984122515
1282	0.99612	0.992812589	0.984154128
1283	0.99613	0.992826532	0.984187719
1284	0.99614	0.992838483	0.984219337
1285	0.99614	0.99285342	0.984244035
1286	0.99615	0.992867363	0.984277628
1287	0.99616	0.992881307	0.984311222
1288	0.99617	0.99289525	0.984344818
1289	0.99618	0.992910188	0.984379399
1290	0.99618	0.992924131	0.984403114
1291	0.99619	0.99293708	0.984435726
1292	0.9962	0.992952018	0.984470309
1293	0.99621	0.992964965	0.98450292
1294	0.99622	0.992978909	0.98453652
1295	0.99622	0.992991859	0.984559252
1296	0.99623	0.993005803	0.984592854
1297	0.99624	0.993020741	0.984627442
1298	0.99625	0.993031695	0.984658079
1299	0.99626	0.993042648	0.984688717
1300	0.99626	0.993053603	0.984709474
1301	0.99627	0.993065554	0.984741102
1302	0.99628	0.993078502	0.984773719
1303	0.99629	0.993092447	0.984807326
1304	0.99629	0.993105397	0.984830063
1305	0.9963	0.993120336	0.984864657
1306	0.99631	0.993134282	0.984898267
1307	0.99632	0.993147232	0.98493089
1308	0.99632	0.993161178	0.984954616
1309	0.99633	0.993173129	0.98498625
1310	0.99634	0.993183089	0.985015908
1311	0.99635	0.99319504	0.985037648
1312	0.99635	0.993205994	0.985058408
1313	0.99636	0.993218942	0.985091033
1314	0.99637	0.993232889	0.985124648
1315	0.99638	0.99324584	0.985157278
1316	0.99638	0.993259786	0.985181007
1317	0.99639	0.993273733	0.985214625
1318	0.9964	0.993286684	0.985247256
1319	0.99641	0.993300631	0.985280876
1320	0.99641	0.993313581	0.985303618
1321	0.99642	0.993323541	0.985333284
1322	0.99643	0.993335493	0.985364928
1323	0.99644	0.993345454	0.985394595
1324	0.99644	0.993357406	0.985406452
1325	0.99645	0.993370358	0.985439088
1326	0.99646	0.993384306	0.985472713
1327	0.99646	0.993397258	0.985495461
1328	0.99647	0.993408216	0.985526121
1329	0.99648	0.993419172	0.985556779
1330	0.99649	0.99343013	0.98558744
1331	0.99649	0.993441086	0.985608209
1332	0.9965	0.993453041	0.985639861
1333	0.99651	0.99346699	0.985673491
1334	0.99651	0.993479943	0.985686342
1335	0.99652	0.993493891	0.985719973
1336	0.99653	0.993503852	0.985749648
1337	0.99654	0.993513813	0.985779325
1338	0.99654	0.993525767	0.985801086
1339	0.99655	0.993536726	0.985831753
1340	0.99656	0.993548682	0.985863411
1341	0.99656	0.993561636	0.985886166
1342	0.99657	0.993575585	0.9859099
1343	0.99658	0.993586547	0.985940572
1344	0.99658	0.993596508	0.985960359
1345	0.99659	0.993607468	0.98599103
1346	0.9966	0.993618425	0.986021699
1347	0.9966	0.993628387	0.986041488
1348	0.99661	0.993638349	0.98607117
1349	0.99662	0.993650304	0.986092928
1350	0.99663	0.993660266	0.986122612
1351	0.99663	0.993672223	0.986144382
1352	0.99664	0.993685177	0.986177037
1353	0.99665	0.993699127	0.98621068
1354	0.99665	0.993711087	0.986232454
1355	0.99666	0.99372105	0.986252237
1356	0.99667	0.99373201	0.986282915
1357	0.99667	0.993741973	0.986302707
1358	0.99668	0.993753928	0.986334374
1359	0.99669	0.993764891	0.986365056
1360	0.99669	0.993777846	0.98638782
1361	0.9967	0.993790802	0.986410575
1362	0.9967	0.99380276	0.98643235
1363	0.99671	0.993812723	0.986462041
1364	0.99672	0.993824679	0.986493712
1365	0.99672	0.993833647	0.98651252
1366	0.99673	0.99384361	0.986532307
1367	0.99674	0.993853574	0.986562001
1368	0.99674	0.993864535	0.986582788
1369	0.99675	0.993875494	0.986613471
1370	0.99676	0.993886457	0.98664416
1371	0.99676	0.993899413	0.986657022
1372	0.99677	0.99391237	0.98668969
1373	0.99678	0.993925326	0.986722358
1374	0.99678	0.993934295	0.986741169
1375	0.99679	0.993945256	0.986771858
1376	0.99679	0.99395522	0.98678175
1377	0.9968	0.993965184	0.98681145
1378	0.99681	0.993974154	0.986840162
1379	0.99681	0.993985115	0.986860954
1380	0.99682	0.993995079	0.986890655
1381	0.99683	0.994005044	0.986910448
1382	0.99683	0.994014013	0.986929263
1383	0.99684	0.994024975	0.986959956
1384	0.99684	0.994034939	0.986979758
1385	0.99685	0.994043909	0.986998566
1386	0.99686	0.994053873	0.98702827
1387	0.99686	0.994064836	0.987049064
1388	0.99687	0.9940748	0.98707877
1389	0.99687	0.99408477	0.987088669
1390	0.99688	0.994097727	0.987121347
1391	0.99689	0.994110685	0.987154027
1392	0.99689	0.994122648	0.987175816
1393	0.9969	0.994132613	0.987195614
1394	0.9969	0.994143576	0.987216411
1395	0.99691	0.994152546	0.987245132
1396	0.99692	0.994162511	0.987274842
1397	0.99692	0.99417148	0.98728375
1398	0.99693	0.994181448	0.987313463
1399	0.99693	0.994191414	0.987333271
1400	0.99694	0.994201379	0.987362983
1401	0.99695	0.99421035	0.987381796
1402	0.99695	0.994221313	0.987402596
1403	0.99696	0.994231278	0.98743231
1404	0.99696	0.994239253	0.987450142
1405	0.99697	0.994249219	0.987469945
1406	0.99698	0.994260182	0.987500651
1407	0.99698	0.994269153	0.987519473
1408	0.99699	0.994279119	0.987549189
1409	0.99699	0.994289085	0.987559088
1410	0.997	0.994298058	0.987587819
1411	0.997	0.994308024	0.987607631
1412	0.99701	0.994316995	0.987626447
1413	0.99702	0.994327959	0.987657157
1414	0.99702	0.99433693	0.987675982
1415	0.99703	0.9943459	0.987704712
1416	0.99703	0.994355867	0.987714612
1417	0.99704	0.994365836	0.987744335
1418	0.99704	0.994375802	0.98776415
1419	0.99705	0.994384774	0.987782969
1420	0.99706	0.994393744	0.987811702
1421	0.99706	0.994403714	0.98783152
1422	0.99707	0.994412684	0.987850339
1423	0.99707	0.994421656	0.987869166
1424	0.99708	0.994431623	0.98789889
1425	0.99708	0.994441592	0.987918709
1426	0.99709	0.994450563	0.98793753
1427	0.99709	0.99446053	0.987957348
1428	0.9971	0.994468506	0.987985096
1429	0.99711	0.994479471	0.988005898
1430	0.99711	0.994487447	0.988023738
1431	0.99712	0.994497414	0.988053466
1432	0.99712	0.994507384	0.988063371
1433	0.99713	0.994516356	0.98809211
1434	0.99713	0.994525328	0.988110941
1435	0.99714	0.994535295	0.988130754
1436	0.99714	0.994544269	0.988149587
1437	0.99715	0.994554237	0.988179318
1438	0.99715	0.994562213	0.988187243
1439	0.99716	0.994572181	0.988216974
1440	0.99716	0.994581155	0.988235809
1441	0.99717	0.994591123	0.988255624
1442	0.99718	0.994599099	0.988283378
1443	0.99718	0.994609067	0.9883032
1444	0.99719	0.994619038	0.988323019
1445	0.99719	0.99462801	0.988341852
1446	0.9972	0.994636982	0.988370598
1447	0.9972	0.994646952	0.988380505
1448	0.99721	0.994655925	0.988409252
1449	0.99721	0.994664897	0.988428087
1450	0.99722	0.99467387	0.988446915
1451	0.99722	0.994682845	0.988465753
1452	0.99723	0.994692813	0.988495491
1453	0.99723	0.99470079	0.988503418
1454	0.99724	0.994710759	0.988533157
1455	0.99724	0.994719734	0.988551996
1456	0.99725	0.994729702	0.988571815
1457	0.99725	0.994737679	0.988589663
1458	0.99726	0.994746652	0.988608494
1459	0.99726	0.994756623	0.988628324
1460	0.99727	0.994765596	0.988657076
1461	0.99727	0.994774569	0.988665993
1462	0.99728	0.994783543	0.988694746
1463	0.99728	0.994793513	0.988714577
1464	0.99729	0.994802487	0.98873341
1465	0.99729	0.994810464	0.98875126
1466	0.9973	0.994820434	0.988781004
1467	0.9973	0.994829409	0.988789925
1468	0.99731	0.994838383	0.988818681
1469	0.99731	0.994847356	0.9888276
1470	0.99732	0.994855334	0.988855366
1471	0.99732	0.994866301	0.988876189
1472	0.99733	0.994874279	0.988894034
1473	0.99733	0.994879263	0.98890891
1474	0.99734	0.994887236	0.988936674
1475	0.99734	0.99489222	0.988941628
1476	0.99735	0.9948992	0.988968405
1477	0.99735	0.994908174	0.988977325
1478	0.99736	0.994918146	0.989007077
1479	0.99736	0.994926124	0.98902493
1480	0.99737	0.994935097	0.989043767
1481	0.99737	0.994944071	0.989062612
1482	0.99738	0.994954043	0.989082441
1483	0.99738	0.994962021	0.989100296
1484	0.99739	0.994970996	0.989129058
1485	0.99739	0.994978974	0.989136989
1486	0.9974	0.994988946	0.989166744
1487	0.9974	0.99499792	0.98918559
1488	0.99741	0.995005899	0.98920344
1489	0.99741	0.995015871	0.989223278
1490	0.99742	0.995024845	0.989242118
1491	0.99742	0.995032824	0.989259975
1492	0.99743	0.995038804	0.989285764
1493	0.99743	0.995044786	0.989291712
1494	0.99743	0.995050767	0.989307583
1495	0.99744	0.995058743	0.989325432
1496	0.99744	0.995066722	0.989343289
1497	0.99745	0.995076695	0.989373049
1498	0.99745	0.99508567	0.989381972
1499	0.99746	0.995093648	0.98940975
1500	0.99746	0.995102623	0.989418674
1501	0.99747	0.9951116	0.989447445
1502	0.99747	0.995120575	0.989466294
1503	0.99748	0.995128554	0.989484148
1504	0.99748	0.995137529	0.989502999
1505	0.99749	0.995147502	0.989522835
1506	0.99749	0.995155481	0.989540695
1507	0.9975	0.99516346	0.989568477
1508	0.9975	0.995173433	0.989578394
1509	0.99751	0.995182408	0.989607166
1510	0.99751	0.995190387	0.989625028
1511	0.99751	0.995195372	0.989629985
1512	0.99752	0.995202351	0.989656773
1513	0.99752	0.995208332	0.989662721
1514	0.99753	0.995215314	0.989689512
1515	0.99753	0.995223293	0.989697447
1516	0.99754	0.995233266	0.989727215
1517	0.99754	0.995242242	0.989746069
1518	0.99755	0.995250221	0.989763926
1519	0.99755	0.995258201	0.98978179
1520	0.99756	0.995268174	0.989801631
1521	0.99756	0.995276154	0.989819495
1522	0.99756	0.99528513	0.98983835
1523	0.99757	0.99529311	0.989856209
1524	0.99757	0.995303083	0.989876057
1525	0.99758	0.995311063	0.989893916
1526	0.99758	0.995317046	0.989909796
1527	0.99759	0.995322032	0.989934606
1528	0.99759	0.995329012	0.989941549
1529	0.9976	0.995335991	0.989968343
1530	0.9976	0.995343971	0.98997628
1531	0.9976	0.995352949	0.989995139
1532	0.99761	0.995360929	0.990013
1533	0.99761	0.995368909	0.990030867
1534	0.99762	0.995377885	0.990059649
1535	0.99762	0.995386863	0.990068579
1536	0.99763	0.995395839	0.990097363
1537	0.99763	0.995402821	0.990104307
1538	0.99763	0.995407807	0.990119197
1539	0.99764	0.995414787	0.990136064
1540	0.99764	0.995419772	0.990150954
1541	0.99765	0.995427753	0.990168817
1542	0.99765	0.995435733	0.990186686
1543	0.99766	0.995444711	0.990215474
1544	0.99766	0.995452692	0.990223412
1545	0.99766	0.995461668	0.990242273
1546	0.99767	0.995469648	0.990260137
1547	0.99767	0.995478627	0.990279
1548	0.99768	0.995486607	0.990296865
1549	0.99768	0.995491593	0.990311757
1550	0.99768	0.995497577	0.99031771
1551	0.99769	0.995503559	0.990343519
1552	0.99769	0.995510542	0.990360397
1553	0.9977	0.995518522	0.990378263
1554	0.9977	0.995527501	0.990397128
1555	0.99771	0.995535482	0.990414994
1556	0.99771	0.995542464	0.990431873
1557	0.99771	0.995548446	0.990437825
1558	0.99772	0.995554431	0.990463638
1559	0.99772	0.995559417	0.990468599
1560	0.99231	0.995567397	0.955162218
1561	0.99232	0.995576377	0.955229855
1562	0.99233	0.995584357	0.955296537
1563	0.99234	0.995592338	0.95536322
1564	0.99235	0.995600319	0.955420025
1565	0.99237	0.995609299	0.955497298
1566	0.99238	0.995618276	0.955564944
1567	0.99239	0.995626257	0.955631636
1568	0.9924	0.995631243	0.955695455
1569	0.99241	0.995637228	0.955760233
1570	0.99243	0.995642214	0.955833687
1571	0.99244	0.995649197	0.955889546
1572	0.99245	0.995657178	0.955956248
1573	0.99246	0.995666158	0.95602391
1574	0.99247	0.995673142	0.956089658
1575	0.99248	0.995681122	0.956156363
1576	0.9925	0.995686108	0.956219948
1577	0.99251	0.995692093	0.956284742
1578	0.99252	0.995697079	0.956348579
1579	0.99253	0.995705061	0.956415294
1580	0.99254	0.995713042	0.956472128
1581	0.99255	0.995722022	0.956539806
1582	0.99256	0.995730003	0.956606527
1583	0.99258	0.995734992	0.956680012
1584	0.99259	0.995739978	0.956733975
1585	0.9926	0.995745963	0.956798784
1586	0.99261	0.995751948	0.956863594
1587	0.99262	0.99575993	0.95692044
1588	0.99263	0.99576891	0.956988132
1589	0.99264	0.995775895	0.957053908
1590	0.99266	0.995783874	0.9571204
1591	0.99267	0.99578986	0.957185219
1592	0.99268	0.995794846	0.95724908
1593	0.99269	0.995800831	0.957304018
1594	0.9927	0.995806818	0.957368843
1595	0.99271	0.9958148	0.957425703
1596	0.99272	0.99582378	0.957493411
1597	0.99273	0.995831762	0.957560161
1598	0.99275	0.995837748	0.957624752
1599	0.99276	0.995842736	0.957688627
1600	0.99277	0.995847723	0.957742615
1601	0.99278	0.995853708	0.957807452
1602	0.99279	0.99586169	0.957864324
1603	0.9928	0.995870671	0.957932046
1604	0.99281	0.995877656	0.957987962
1605	0.99282	0.995885638	0.958054727
1606	0.99283	0.995890626	0.958108724
1607	0.99284	0.995896611	0.958173572
1608	0.99286	0.995901598	0.958237223
1609	0.99287	0.995907585	0.958302075
1610	0.99288	0.995915568	0.958358961
1611	0.99289	0.995924548	0.958426698
1612	0.9929	0.995932531	0.958483587
1613	0.99291	0.995939515	0.958549406
1614	0.99292	0.995943505	0.958602456
1615	0.99293	0.995949491	0.958657428
1616	0.99294	0.995954478	0.95872133
1617	0.99295	0.995959467	0.958775345
1618	0.99296	0.995965452	0.958840211
1619	0.99297	0.99597044	0.958894227
1620	0.99298	0.995975429	0.958948247
1621	0.99299	0.995983411	0.95901504
1622	0.99301	0.995992392	0.959082565
1623	0.99302	0.995999378	0.959138512
1624	0.99303	0.996007361	0.959205312
1625	0.99304	0.996012348	0.959259337
1626	0.99305	0.996017337	0.959313366
1627	0.99306	0.996022325	0.959377285
1628	0.99307	0.996028311	0.959432277
1629	0.99308	0.9960333	0.95948631
1630	0.99309	0.996038287	0.959540342
1631	0.9931	0.996044273	0.95960523
1632	0.99311	0.996050261	0.959660229
1633	0.99312	0.996057247	0.959716191
1634	0.99313	0.996066229	0.95978397
1635	0.99314	0.996074212	0.959840896
1636	0.99315	0.996079201	0.959894938
1637	0.99316	0.996085187	0.959949943
1638	0.99317	0.996090175	0.960003987
1639	0.99318	0.996095164	0.960067927
1640	0.99319	0.996103147	0.960124861
1641	0.9932	0.996112129	0.960182759
1642	0.99321	0.996119115	0.960238735
1643	0.99322	0.996127098	0.960295673
1644	0.99323	0.996132086	0.960349726
1645	0.99324	0.996137075	0.960413675
1646	0.99325	0.996142063	0.96046773
1647	0.99326	0.996147053	0.960521789
1648	0.99327	0.996152042	0.960575848
1649	0.99328	0.99615703	0.960629907
1650	0.99329	0.996162019	0.960683969
1651	0.9933	0.996168006	0.960738994
1652	0.99331	0.996171997	0.960792095
1653	0.99332	0.996177983	0.960857018
1654	0.99333	0.996181974	0.960910122
1655	0.99334	0.996189958	0.960967079
1656	0.99335	0.996197941	0.961024037
1657	0.99336	0.996205926	0.961080999
1658	0.99337	0.996212913	0.961136999
1659	0.99338	0.996217903	0.961191073
1660	0.99339	0.996222891	0.961245147
1661	0.9934	0.99622788	0.961299224
1662	0.99341	0.996233867	0.961354265
1663	0.99342	0.996237858	0.961407381
1664	0.99343	0.996243845	0.961462424
1665	0.99344	0.996247836	0.961515542
1666	0.99345	0.996254821	0.961571552
1667	0.99346	0.996261808	0.961627565
1668	0.99347	0.996269793	0.961684543
1669	0.99348	0.996277777	0.961741521
1670	0.99349	0.996283766	0.961796574
1671	0.9935	0.996288754	0.961850663
1672	0.99351	0.996293744	0.961904755
1673	0.99352	0.996298732	0.961958847
1674	0.99352	0.996302725	0.961992398
1675	0.99353	0.996308712	0.962047456
1676	0.99354	0.9963137	0.962101551
1677	0.99355	0.99631869	0.962155648
1678	0.99356	0.996324677	0.962210711
1679	0.99357	0.996328668	0.962263847
1680	0.99358	0.996334655	0.962318911
1681	0.99359	0.996338648	0.962372052
1682	0.9936	0.996346633	0.962429048
1683	0.99361	0.996354618	0.962476148
1684	0.99362	0.996362603	0.962533148
1685	0.99363	0.996368591	0.962588221
1686	0.99364	0.996374578	0.962643295
1687	0.99365	0.99637857	0.962696441
1688	0.99366	0.996384557	0.962751517
1689	0.99366	0.99638855	0.962785077
1690	0.99367	0.996393539	0.962839191
1691	0.99368	0.996398529	0.962893306
1692	0.99369	0.996403517	0.962947422
1693	0.9937	0.996408507	0.962991639
1694	0.99371	0.996414495	0.963046723
1695	0.99372	0.996418486	0.963099878
1696	0.99373	0.996423476	0.963154001
1697	0.99374	0.996429464	0.963209088
1698	0.99375	0.996433455	0.963252346
1699	0.99376	0.996439442	0.963307436
1700	0.99376	0.996444433	0.963351869
1701	0.99377	0.996452417	0.96339899
1702	0.99378	0.996460403	0.963456016
1703	0.99379	0.996467391	0.963512078
1704	0.9938	0.996474377	0.963568141
1705	0.99381	0.996479367	0.963612371
1706	0.99382	0.996484356	0.963666505
1707	0.99383	0.996489347	0.963720641
1708	0.99384	0.996495334	0.96376584
1709	0.99384	0.996498329	0.96380835
1710	0.99385	0.996503319	0.96386249
1711	0.99386	0.996508308	0.963906725
1712	0.99387	0.996513298	0.963960867
1713	0.99388	0.996519286	0.964006071
1714	0.99389	0.996523278	0.964059249
1715	0.9939	0.996528268	0.964113395
1716	0.99391	0.996534256	0.964158602
1717	0.99391	0.996538248	0.964202083
1718	0.99392	0.996543238	0.964256232
1719	0.99393	0.996549226	0.964301443
1720	0.99394	0.996553218	0.964354628
1721	0.99395	0.996559206	0.96439984
1722	0.99396	0.996563197	0.964453028
1723	0.99397	0.996568188	0.964497278
1724	0.99397	0.996574176	0.964542695
1725	0.99398	0.996578168	0.964595886
1726	0.99399	0.996583158	0.964640139
1727	0.994	0.996590145	0.964696231
1728	0.99401	0.996596136	0.964741454
1729	0.99402	0.996604122	0.964798517
1730	0.99403	0.996612108	0.96485558
1731	0.99403	0.996617099	0.964890131
1732	0.99404	0.996623087	0.964945263
1733	0.99405	0.996627079	0.964998463
1734	0.99406	0.996632069	0.965042725
1735	0.99407	0.996638057	0.965097861
1736	0.99408	0.996642049	0.965141157
1737	0.99409	0.99664704	0.965195329
1738	0.99409	0.996653028	0.965240759
1739	0.9941	0.99665702	0.965284058
1740	0.99411	0.996662011	0.965338234
1741	0.99412	0.996667001	0.965382501
1742	0.99413	0.996671991	0.965436679
1743	0.99414	0.99667798	0.965481917
1744	0.99415	0.996681972	0.965535129
1745	0.99415	0.996686963	0.96556969
1746	0.99416	0.996691954	0.965623872
1747	0.99417	0.996695946	0.96566718
1748	0.99418	0.996700937	0.965721365
1749	0.99419	0.996704929	0.965764674
1750	0.9942	0.996710917	0.965819828
1751	0.9942	0.996715908	0.965854392
1752	0.99421	0.996719901	0.965907614
1753	0.99422	0.996725889	0.965952861
1754	0.99423	0.99673088	0.966007053
1755	0.99424	0.996734872	0.966050368
1756	0.99425	0.996739863	0.966104563
1757	0.99425	0.996745852	0.966140098
1758	0.99426	0.996749844	0.966193326
1759	0.99427	0.996754835	0.966237613
1760	0.99428	0.996759825	0.96629181
1761	0.99429	0.996764816	0.966336099
1762	0.9943	0.996769807	0.966390301
1763	0.9943	0.996773799	0.966423904
1764	0.99431	0.996779788	0.966469163
1765	0.99432	0.996785778	0.966524336
1766	0.99433	0.996791769	0.9665696
1767	0.99434	0.996799757	0.966626713
1768	0.99434	0.996807743	0.966664192
1769	0.99435	0.996812734	0.96670849
1770	0.99436	0.996817726	0.9667627
1771	0.99437	0.996821718	0.966806031
1772	0.99438	0.996826709	0.966860244
1773	0.99438	0.996831701	0.966894822
1774	0.99439	0.996835693	0.966938156
1775	0.9944	0.996839687	0.966991404
1776	0.99441	0.996846673	0.967037644
1777	0.99442	0.996850666	0.96708098
1778	0.99442	0.99685466	0.967124507
1779	0.99443	0.996858652	0.967167845
1780	0.99444	0.996863644	0.967212153
1781	0.99445	0.996868635	0.967266376
1782	0.99446	0.996872628	0.967309717
1783	0.99446	0.996877619	0.967344301
1784	0.99447	0.996882611	0.967398527
1785	0.99448	0.996887601	0.967442839
1786	0.99449	0.996891595	0.967486185
1787	0.9945	0.996895588	0.967539445
1788	0.9945	0.996900579	0.967574032
1789	0.99451	0.996905571	0.967618349
1790	0.99452	0.996909564	0.967671612
1791	0.99453	0.996913558	0.967714963
1792	0.99453	0.99692653	0.9677573
1793	0.99454	0.996936509	0.967806463
1794	0.99455	0.996947487	0.967866512
1795	0.99456	0.996940507	0.967899212
1796	0.99457	0.996951483	0.967949347
1797	0.99457	0.996960466	0.967987815
1798	0.99458	0.996961466	0.96803818
1799	0.99459	0.996984416	0.968099946
1800	0.9946	0.996984419	0.96813943
1801	0.9946	0.996986416	0.968171118
1802	0.99461	0.997000388	0.968234085
1803	0.99462	0.996998396	0.968271635
1804	0.99463	0.997011368	0.968323718
1805	0.99463	0.997021349	0.968363161
1806	0.99464	0.99700838	0.968390052
1807	0.99465	0.997007386	0.968438489
1808	0.99466	0.99704231	0.9685119
1809	0.99466	0.997036325	0.968535838
1810	0.99467	0.997028347	0.968567577
1811	0.99468	0.997027353	0.9686061
1812	0.99469	0.997034339	0.968652377
1813	0.99469	0.997050306	0.96870756
1814	0.9947	0.997042327	0.968739299
1815	0.99471	0.997034347	0.968771038
1816	0.99472	0.997039339	0.968815381
1817	0.99472	0.997054308	0.968859679
1818	0.99473	0.99705032	0.968895298
1819	0.99474	0.997061299	0.968945462
1820	0.99475	0.99705731	0.968990999
1821	0.99475	0.997075272	0.969038211
1822	0.99476	0.997088247	0.969090318
1823	0.99477	0.997093238	0.969134668
1824	0.99478	0.997105214	0.969185808
1825	0.99478	0.997096237	0.969206838
1826	0.99479	0.997093244	0.969243429
1827	0.9948	0.997098233	0.969287779
1828	0.9948	0.997087257	0.969306867
1829	0.99481	0.997088255	0.969347338
1830	0.99482	0.997077283	0.969376172
1831	0.99483	0.997076287	0.969414706
1832	0.99483	0.997067311	0.969435736
1833	0.99484	0.997045363	0.969453898
1834	0.99485	0.997022416	0.969471087
1835	0.99485	0.996984503	0.969463977
1836	0.99486	0.996915657	0.96943653
1837	0.99487	0.996764993	0.969329512
1838	0.99488	0.996168315	0.968788726
1839	0.99488	0.991731121	0.964503088
1840	0.99489	0.984484135	0.957494075
1841	0.9949	0.982749016	0.955845465
1842	0.9949	0.984607024	0.957681996
1843	0.99491	0.986442149	0.959506024
1844	0.99492	0.986906641	0.959996938
1845	0.99493	0.986645105	0.959781629
1846	0.99493	0.985768507	0.958958321
1847	0.99494	0.982081991	0.955410984
1848	0.99495	0.983017092	0.956359644
1849	0.99495	0.985496636	0.958801363
1850	0.99496	0.985737356	0.959074624
1851	0.99497	0.985538027	0.958919741
1852	0.99497	0.985713723	0.959120115
1853	0.99498	0.986446261	0.959871982
1854	0.99499	0.987098886	0.960546143
1855	0.99499	0.987342922	0.960813087
1856	0.995	0.987390636	0.960898649
1857	0.99501	0.98745835	0.961003681
1858	0.99502	0.987589912	0.96116103
1859	0.99502	0.987714554	0.961311821
1860	0.99503	0.987824371	0.961457852
1861	0.99504	0.987919349	0.961589449
1862	0.99504	0.987955558	0.961654184
1863	0.99505	0.987898065	0.961637376
1864	0.99506	0.987764704	0.96154671
1865	0.99506	0.987656052	0.961470425
1866	0.99507	0.987656815	0.961500486
1867	0.99508	0.987793909	0.961673101
1868	0.99508	0.988028584	0.961931066
1869	0.99509	0.988405732	0.962337429
1870	0.9951	0.988668296	0.962632256
1871	0.9951	0.989051532	0.963034926
1872	0.99511	0.989394038	0.963397794
1873	0.99512	0.989646929	0.963683269
1874	0.99512	0.989784264	0.96384655
1875	0.99513	0.989813964	0.963914707
1876	0.99514	0.989789854	0.963930464
1877	0.99514	0.989747818	0.963919074
1878	0.99515	0.989710782	0.963912389
1879	0.99516	0.989685728	0.96392722
1880	0.99516	0.98967167	0.963943075
1881	0.99517	0.989621735	0.963933669
1882	0.99518	0.989515978	0.963860038
1883	0.99518	0.98939727	0.963773946
1884	0.99519	0.989341386	0.963758731
1885	0.99519	0.989364288	0.963810579
1886	0.9952	0.989427077	0.963901125
1887	0.99521	0.989516795	0.964027758
1888	0.99521	0.989616492	0.964154433
1889	0.99522	0.989729153	0.964303434
1890	0.99523	0.989823865	0.964425106
1891	0.99523	0.989867741	0.964497411
1892	0.99524	0.989831833	0.964501667
1893	0.99525	0.989692238	0.964404884
1894	0.99525	0.989475836	0.964213707
1895	0.99526	0.989229544	0.964012925
1896	0.99527	0.989032113	0.963859741
1897	0.99527	0.988900488	0.963751151
1898	0.99528	0.988812732	0.963704833
1899	0.99528	0.988733936	0.96365756
1900	0.99529	0.988662134	0.963616941
1901	0.9953	0.988617248	0.963612392
1902	0.9953	0.988623218	0.96364773
1903	0.99531	0.98868104	0.963733455
1904	0.99532	0.988779754	0.963868886
1905	0.99532	0.988897414	0.964013111
1906	0.99533	0.989015075	0.964157185
1907	0.99533	0.989135741	0.964304353
1908	0.99534	0.989256406	0.964461219
1909	0.99535	0.98939203	0.96462283
1910	0.99535	0.989548606	0.964805034
1911	0.99536	0.989730104	0.965021243
1912	0.99537	0.989906627	0.965222763
1913	0.99537	0.990079166	0.965420564
1914	0.99538	0.990218808	0.965595998
1915	0.99538	0.990325542	0.965719793
1916	0.99539	0.990386412	0.965818428
1917	0.9954	0.990405391	0.965866357
1918	0.9954	0.990384485	0.965875544
1919	0.99541	0.990331667	0.965863308
1920	0.99541	0.990279851	0.965832487
1921	0.99542	0.990245978	0.965838725
1922	0.99543	0.990234036	0.965856494
1923	0.99543	0.990243039	0.965894846
1924	0.99544	0.99026399	0.965944701
1925	0.99545	0.990282946	0.966002469
1926	0.99545	0.990291926	0.966040803
1927	0.99546	0.990288925	0.966067295
1928	0.99546	0.990280933	0.966089072
1929	0.99547	0.990256986	0.96609513
1930	0.99548	0.990225052	0.966103252
1931	0.99548	0.990189129	0.966087918
1932	0.99549	0.990157188	0.96609603
1933	0.99549	0.990139217	0.966098209
1934	0.9955	0.990135205	0.966133571
1935	0.9955	0.990150134	0.966167851
1936	0.99551	0.990173034	0.966229474
1937	0.99552	0.990200921	0.966286108
1938	0.99552	0.990234785	0.966348728
1939	0.99553	0.990261675	0.966404393
1940	0.99553	0.990285574	0.966457292
1941	0.99554	0.990300498	0.966501283
1942	0.99555	0.990314426	0.966554162
1943	0.99555	0.990326359	0.966585527
1944	0.99556	0.990338292	0.966636462
1945	0.99556	0.990344243	0.966661989
1946	0.99557	0.990353179	0.96671
1947	0.99558	0.990362126	0.966748164
1948	0.99558	0.990368087	0.966783562
1949	0.99559	0.990381028	0.966825626
1950	0.99559	0.99040095	0.966874655
1951	0.9956	0.99041987	0.966922558
1952	0.9956	0.990433793	0.966965733
1953	0.99561	0.99043376	0.966995135
1954	0.99562	0.990422746	0.967013817
1955	0.99562	0.990407744	0.967028751
1956	0.99563	0.99038976	0.967040625
1957	0.99563	0.990377748	0.967058479
1958	0.99564	0.990363747	0.967074241
1959	0.99564	0.990350738	0.967091119
1960	0.99565	0.990338731	0.967108828
1961	0.99566	0.990323732	0.967123614
1962	0.99566	0.990309731	0.967139521
1963	0.99567	0.990286763	0.967146524
1964	0.99567	0.990262799	0.967152699
1965	0.99568	0.990235842	0.967155803
1966	0.99568	0.990210874	0.967151136
1967	0.99569	0.990193884	0.967173833
1968	0.99569	0.990196829	0.967196428
1969	0.9957	0.990212751	0.967241414
1970	0.99571	0.99024662	0.967313791
1971	0.99571	0.990293455	0.967379262
1972	0.99572	0.990355256	0.967478933
1973	0.99572	0.990420045	0.967561949
1974	0.99573	0.990480851	0.967650794
1975	0.99573	0.990538671	0.967736871
1976	0.99574	0.990588507	0.967815006
1977	0.99574	0.990636353	0.967881481
1978	0.99575	0.990670248	0.967953912
1979	0.99575	0.990694169	0.967997014
1980	0.99576	0.990727066	0.968058609
1981	0.99577	0.990759975	0.968130084
1982	0.99577	0.990799844	0.968188775
1983	0.99578	0.990842717	0.968260126
1984	0.99578	0.990888588	0.968334553
1985	0.99579	0.990932464	0.968406891
1986	0.99579	0.990980298	0.968473373
1987	0.9958	0.991018137	0.968539816
1988	0.9958	0.991037078	0.968587934
1989	0.99581	0.991042061	0.968622268
1990	0.99581	0.991038092	0.968638127
1991	0.99582	0.991032134	0.968671638
1992	0.99583	0.991033148	0.968702094
1993	0.99583	0.991044083	0.968732521
1994	0.99584	0.991055019	0.968772677
1995	0.99584	0.991069928	0.96881686
1996	0.99585	0.991079877	0.968856053
1997	0.99585	0.991088839	0.968884554
1998	0.99586	0.991101792	0.968926685
1999	0.99586	0.991114749	0.968968963
2000	0.99587	0.991127701	0.969011097
12001	0.99587	0.991127701	0.969011097
